===== Connected Components =====
Spark : 186659
SWAT : 177681
Speedup : 1.05052875659186969906

===== Fuzzy CMeans =====
Spark : 251560
SWAT : 149936
Speedup : 1.67778252054209796179

===== KMeans =====
Spark : 12576
SWAT : 10198
Speedup : 1.23318297705432437732

===== PageRank =====
Spark : 12121
SWAT : 14206
Speedup : .85323102914261579614

