
===== Connected Components =====
Spark : 343314
SWAT : 337599
Speedup : 1.01692836767881421449

===== Fuzzy CMeans =====
Spark : 488007
SWAT : 282980
Speedup : 1.72452823521096897307

===== KMeans =====
Spark : 14222
SWAT : 14225
Speedup : .99978910369068541300

